"species","x","y","bio1_23_NicheM","bio10_23_NicheM","bio11_23_NicheM","bio12_23_NicheM","bio13_23_NicheM","bio14_23_NicheM","bio15_23_NicheM","bio16_23_NicheM","bio17_23_NicheM","bio18_23_NicheM","bio19_23_NicheM","bio2_23_NicheM","bio3_23_NicheM","bio4_23_NicheM","bio5_23_NicheM","bio6_23_NicheM","bio7_23_NicheM","bio8_23_NicheM","bio9_23_NicheM","Forest","Mean_Nubosity_NicheM"
"species",1,1,70,71,67,1890,226,86,28,609,327,524,609,84,87,186,117,21,96,67,71,1,9531
"species",2,2,83,85,80,1633,222,68,38,627,265,436,627,88,91,217,131,35,96,80,83,1,9596
"species",3,3,144,145,140,1518,208,72,33,494,266,405,475,92,94,196,193,96,97,141,144,1,9154
"species",4,4,123,124,119,1806,241,93,34,597,326,437,596,87,90,224,171,75,96,120,124,1,9833
"species",5,5,89,92,85,1453,198,70,37,552,230,410,552,89,91,255,139,42,97,85,90,1,9539
"species",6,6,116,118,112,1772,237,90,34,604,311,433,604,87,90,264,164,68,96,112,117,1,9850
"species",7,7,87,89,85,1850,259,55,40,721,252,452,721,89,91,160,136,39,97,85,87,1,9400
"species",8,8,65,67,62,1789,233,88,34,657,304,488,657,86,90,203,112,17,95,62,65,1,9807
"species",9,9,63,64,60,1957,230,87,27,618,338,538,618,84,88,196,109,14,95,60,63,1,9720
"species",10,10,73,76,70,1825,219,85,29,597,318,508,597,85,87,246,122,25,97,70,74,1,9030
"species",11,11,149,150,146,1375,183,66,35,458,236,458,419,91,93,191,198,101,97,150,150,1,9087
"species",12,12,149,150,146,1568,210,75,33,517,273,439,471,92,94,189,198,101,97,150,149,1,8992
"species",13,13,71,74,69,1973,264,81,37,752,322,514,497,87,90,193,120,24,96,69,72,1,9765
"species",14,14,104,106,101,1490,224,45,40,565,202,377,565,91,92,179,154,56,98,101,104,1,9547
"species",15,15,103,105,100,1883,294,27,45,719,181,401,719,92,93,180,153,55,98,100,103,1,9492
"species",16,16,99,101,95,1313,181,62,38,494,202,289,494,89,89,263,150,51,99,95,100,1,9292
"species",17,17,97,99,93,1497,201,68,38,568,230,358,568,88,89,245,147,49,98,93,98,1,9465
"species",18,18,69,71,66,1911,228,87,28,614,331,527,614,84,87,214,116,20,96,66,69,1,9697
"species",19,19,70,72,66,1761,224,87,33,634,304,484,634,86,90,243,116,21,95,66,70,1,9524
"species",20,20,160,162,157,1881,247,91,30,594,320,419,591,103,91,208,218,106,112,157,160,1,8763
"species",21,21,92,94,89,1707,247,50,40,663,230,421,663,90,92,213,141,44,97,89,92,1,9524
"species",22,22,78,80,74,1784,217,85,30,597,312,499,547,85,88,255,125,29,96,74,79,1,9503
"species",23,23,57,59,54,1975,229,86,27,610,341,542,610,83,86,198,104,8,96,54,58,1,9448
"species",24,24,129,131,126,1764,261,60,35,633,262,438,633,97,94,168,181,78,103,126,130,1,9250
"species",25,25,83,85,80,1563,206,74,36,588,249,437,588,87,90,207,131,35,96,80,83,1,9438
"species",26,26,68,70,65,1849,220,85,28,600,322,513,600,84,87,209,116,20,96,65,69,1,9170
"species",27,27,163,164,160,1590,199,76,32,530,268,431,461,90,92,193,212,115,97,164,162,1,8868
"species",28,28,68,70,65,1770,225,88,33,636,306,487,636,85,89,210,115,20,95,65,68,1,9583
"species",29,29,73,75,70,1689,223,83,36,631,279,463,631,87,91,201,120,25,95,70,73,1,9761
"species",30,30,78,80,76,1837,245,68,38,710,281,471,710,88,91,172,127,31,96,76,78,1,9272
"species",31,31,78,80,75,1625,214,78,36,613,266,447,613,87,91,185,126,31,95,75,78,1,9785
"species",32,32,90,92,88,2023,261,74,37,770,314,506,384,90,90,171,140,41,99,88,90,1,9740
"species",33,33,84,85,81,1759,240,63,39,682,264,450,682,89,91,171,133,36,97,81,84,1,9611
"species",34,34,68,69,66,1926,229,87,28,614,333,531,614,84,87,185,115,19,96,66,68,1,9637
"species",35,35,70,73,67,1729,225,85,35,642,290,472,642,86,90,225,118,23,95,67,70,1,9703
"species",36,36,70,72,68,1974,266,84,37,750,328,518,750,87,90,175,119,23,96,68,70,1,9721
"species",37,37,102,104,99,1810,282,29,44,693,183,493,693,91,93,189,151,54,97,99,102,1,9324
"species",38,38,64,66,62,1868,248,87,36,696,318,502,696,86,90,189,112,17,95,62,63,1,9516
"species",39,39,72,74,69,1731,222,85,34,630,294,476,630,86,90,227,119,24,95,69,73,1,9611
"species",40,40,71,73,68,1899,251,79,37,723,309,497,723,87,90,198,119,23,96,68,71,1,9317
"species",41,41,112,115,110,1605,258,29,44,602,169,363,602,92,92,198,163,64,99,110,112,1,9358
"species",42,42,60,62,58,1899,250,90,35,700,327,511,611,85,89,189,108,13,95,58,59,1,9479
"species",43,43,73,75,70,1821,219,85,29,600,317,507,600,85,88,213,121,25,96,70,74,1,9442
"species",44,44,112,113,108,1782,236,91,34,608,314,327,608,87,90,250,160,64,96,108,113,1,9908
"species",45,45,96,97,93,1776,222,90,31,595,315,315,595,86,89,235,144,48,96,93,97,1,9185
